   1.0000000000000000E-002   1.5046605216545040E-003   1.0692820706294259E-003   1.4150160295053575     
   2.0000000000000000E-002   3.0093210433090080E-003   3.0744374114825097E-003   2.8318212954106019     
   2.9999999999999999E-002   4.5139815649635120E-003   5.6705800121432982E-003   4.2498094198889786     
   4.0000000000000001E-002   6.0186420866180160E-003   8.7417472382204185E-003   5.6687533111689321     
   5.0000000000000003E-002   7.5233026082725200E-003   1.2216176263307723E-002   7.0885208626586103     
   5.9999999999999998E-002   9.0279631299270240E-003   1.6033664912633507E-002   8.5090208487088361     
   7.0000000000000007E-002   1.0532623651581528E-002   2.0135458002301036E-002   9.9301829492171461     
   8.0000000000000002E-002   1.2037284173236032E-002   2.4461238694450011E-002   11.351948579912156     
   8.9999999999999997E-002   1.3541944694890534E-002   2.8948964712790910E-002   12.774266206603681     
  0.10000000000000001        1.5046605216545040E-002   3.3535926510120717E-002   14.197088827904144     
  0.11000000000000000        1.6551265738199542E-002   3.8160278364499707E-002   15.620372610012817     
  0.12000000000000000        1.8055926259854048E-002   4.2762656221401317E-002   17.044076168594881     
  0.13000000000000000        1.9560586781508550E-002   4.7287675021309053E-002   18.468160223649846     
  0.14000000000000001        2.1065247303163056E-002   5.1685198398048630E-002   19.892587468984665     
  0.14999999999999999        2.2569907824817558E-002   5.5911334253288890E-002   21.317322560880282     
  0.16000000000000000        2.4074568346472064E-002   5.9929147548040761E-002   22.742332167186401     
  0.17000000000000001        2.5579228868126566E-002   6.3709104934924862E-002   24.167585040468733     
  0.17999999999999999        2.7083889389781068E-002   6.7229279304650960E-002   25.593052093030334     
  0.19000000000000000        2.8588549911435574E-002   7.0475348968605731E-002   27.018706460812915     
  0.20000000000000001        3.0093210433090080E-002   7.3440428263103999E-002   28.444523549238209     
  0.20999999999999999        3.1597870954744582E-002   7.6124765362745345E-002   29.870481057938800     
  0.22000000000000000        3.3102531476399084E-002   7.8535340266375764E-002   31.296558983865935     
  0.23000000000000001        3.4607191998053587E-002   8.0685392100811590E-002   32.722739603828174     
  0.23999999999999999        3.6111852519708096E-002   8.2593900657576033E-002   34.149007438393546     
  0.25000000000000000        3.7616513041362598E-002   8.4285042875632765E-002   35.575349199588544     
  0.26000000000000001        3.9121173563017100E-002   8.5787641023966216E-002   37.001753724982663     
  0.27000000000000002        4.0625834084671603E-002   8.7134615749538458E-002   38.428211900700397     
  0.28000000000000003        4.2130494606326112E-002   8.8362454088202161E-002   39.854716575820312     
  0.28999999999999998        4.3635155127980607E-002   8.9510699841895219E-002   41.281262470341147     
  0.29999999999999999        4.5139815649635116E-002   9.0621471588568273E-002   42.707846078729844     
  0.31000000000000000        4.6644476171289619E-002   9.1739011741953105E-002   44.134465570730889     
  0.32000000000000001        4.8149136692944128E-002   9.2909268721577176E-002   45.561120690982108     
  0.33000000000000002        4.9653797214598630E-002   9.4179513068592097E-002   46.987812658577525     
  0.34000000000000002        5.1158457736253132E-002   9.5597987624079686E-002   48.414544067749617     
  0.35000000000000003        5.2663118257907642E-002   9.7213591068588068E-002   49.841318790365342     
  0.35999999999999999        5.4167778779562137E-002   9.9075593814949375E-002   51.268141881048365     
  0.37000000000000000        5.5672439301216639E-002  0.10123338474292448        52.695019485301984     
  0.38000000000000000        5.7177099822871148E-002  0.10373624722023879        54.121958751198825     
  0.39000000000000001        5.8681760344525657E-002  0.10663316254622804        55.548967744782658     
  0.40000000000000002        6.0186420866180160E-002  0.10997263896744679        56.976055369441596     
  0.41000000000000003        6.1691081387834662E-002  0.11380256442673120        58.403231289393368     
  0.41999999999999998        6.3195741909489164E-002  0.11817008112232774        59.830505857297005     
  0.42999999999999999        6.4700402431143667E-002  0.12312148007895300        61.257890046018161     
  0.44000000000000000        6.6205062952798169E-002  0.12870211396125003        62.685395384505796     
  0.45000000000000001        6.7709723474452671E-002  0.13496513311462827        64.113033896267780     
  0.46000000000000002        6.9214383996107173E-002  0.14193689515179361        65.540818048759093     
  0.47000000000000003        7.0719044517761676E-002  0.14966769464378860        66.968760693108408     
  0.47999999999999998        7.2223705039416192E-002  0.15819856410503122        68.396875020556664     
  0.48999999999999999        7.3728365561070694E-002  0.16756937959109275        69.825174516152458     
  0.50000000000000000        7.5233026082725196E-002  0.17781885063073896        71.253672917021632     
  0.51000000000000001        7.6737686604379698E-002  0.18898451848707584        72.682384173901184     
  0.52000000000000002        7.8242347126034201E-002  0.20110276163355642        74.111322415656275     
  0.53000000000000003        7.9747007647688703E-002  0.21420880754832936        75.540501916765422     
  0.54000000000000004        8.1251668169343205E-002  0.22833674988281411        76.969937067499501     
  0.55000000000000004        8.2756328690997721E-002  0.24351957021039855        78.399642346678561     
  0.56000000000000005        8.4260989212652224E-002  0.25978916361746340        79.829632296850548     
  0.57000000000000006        8.5765649734306726E-002  0.27717636743449209        81.259921501684190     
  0.57999999999999996        8.7270310255961214E-002  0.29571099259486056        82.690524565565312     
  0.58999999999999997        8.8774970777615730E-002  0.31542185692705044        84.121456095070357     
  0.59999999999999998        9.0279631299270233E-002  0.33633682001119986        85.552730682328743     
  0.60999999999999999        9.1784291820924735E-002  0.35848281913776298        86.984362890026617     
  0.62000000000000000        9.3288952342579237E-002  0.38188590592874033        88.416367238086579     
  0.63000000000000000        9.4793612864233753E-002  0.40657128334997844        89.848758191716854     
  0.64000000000000001        9.6298273385888256E-002  0.43256334276713898        91.281550150801010     
  0.65000000000000002        9.7802933907542758E-002  0.45988570084256047        92.714757440625036     
  0.66000000000000003        9.9307594429197260E-002  0.48856123596903211        94.148394303647464     
  0.67000000000000004       0.10081225495085176       0.51861212409099422        95.582474892309563     
  0.68000000000000005       0.10231691547250626       0.55005987380670418        97.017013262919747     
  0.69000000000000006       0.10382157599416077       0.58292536047879828        98.452023370234997     
  0.70000000000000007       0.10532623651581528       0.61722885942485384        99.887519063031206     
  0.70999999999999996       0.10683089703746977       0.65299007788537233        101.32351408020018     
  0.71999999999999997       0.10833555755912427       0.69022818594547508        102.76002204770677     
  0.72999999999999998       0.10984021808077878       0.72896184611842574        104.19705647593322     
  0.73999999999999999       0.11134487860243328       0.76920924176676408        105.63463075777315     
  0.75000000000000000       0.11284953912408778       0.81098810414326972        107.07275816700624     
  0.76000000000000001       0.11435419964574230       0.85431573822659879        108.51145185724268     
  0.77000000000000002       0.11585886016739681       0.89920904723268436        109.95072486126138     
  0.78000000000000003       0.11736352068905131       0.94568455583294653        111.39059009056236     
  0.79000000000000004       0.11886818121070582       0.99375843209895576        112.83106033535678     
  0.80000000000000004       0.12037284173236032        1.0434465083000739        114.27214826483647     
  0.81000000000000005       0.12187750225401482        1.0947643003476837        115.71386642754163     
  0.82000000000000006       0.12338216277566932        1.1477270261786818        117.15622725209496     
  0.83000000000000007       0.12488682329732383        1.2023496229495767        118.59924304804217     
  0.83999999999999997       0.12639148381897833        1.2586467631533274        120.04292600688119     
  0.84999999999999998       0.12789614434063282        1.3164942526194334        121.48728782517995     
  0.85999999999999999       0.12940080486228733        1.3756853656141093        122.93233686542068     
  0.87000000000000000       0.13090546538394182        1.4363950970341774        124.37808192449222     
  0.88000000000000000       0.13241012590559634        1.4986820625156947        125.82453283032982     
  0.89000000000000001       0.13391478642725085        1.5625816242845305        127.27169969507631     
  0.90000000000000002       0.13541944694890534        1.6281203368721917        128.71959274517829     
  0.91000000000000003       0.13692410747055986        1.6953202154079281        130.16822224729194     
  0.92000000000000004       0.13842876799221435        1.7642005424060065        131.61759846835204     
  0.93000000000000005       0.13993342851386886        1.8347787875183150        133.06773165130056     
  0.94000000000000006       0.14143808903552335        1.9070711340398785        134.51863199955582     
  0.95000000000000007       0.14294274955717787        1.9810928059616544        135.97030966630993     
  0.95999999999999996       0.14444741007883238        2.0568582842403242        137.42277474738222     
  0.96999999999999997       0.14595207060048687        2.1343814565863646        138.87603727601174     
  0.97999999999999998       0.14745673112214139        2.2136757253784105        140.33010721928258     
  0.98999999999999999       0.14896139164379588        2.2947540878216555        141.78499447559983     
   1.0000000000000000       0.15046605216545039        2.3776291971059957        143.24070887309529     
   1.0100000000000000       0.15197071268710488        2.4622637134159264        144.69726016671089     
   1.0200000000000000       0.15347537320875940        2.5487700111365941        146.15465804414094     
   1.0300000000000000       0.15498003373041391        2.6371094853633044        147.61291211631556     
   1.0400000000000000       0.15648469425206840        2.7272937938662429        149.07203192316493     
   1.0500000000000000       0.15798935477372292        2.8193344118211678        150.53202693262429     
   1.0600000000000001       0.15949401529537741        2.9132426487923522        151.99290654095509     
   1.0700000000000001       0.16099867581703192        3.0090296629850313        153.45468007319101     
   1.0800000000000001       0.16250333633868641        3.1067064734107754        154.91735678393982     
   1.0900000000000001       0.16400799686034093        3.2062839701138568        156.38094585798709     
   1.1000000000000001       0.16551265738199544        3.3077729229651402        157.84545641109963     
   1.1100000000000001       0.16701731790364993        3.4111839892060849        159.31089749087801     
   1.1200000000000001       0.16852197842530445        3.5165277198692921        160.77727807749039     
   1.1300000000000001       0.17002663894695894        3.6238145654386456        162.24460708473239     
   1.1400000000000001       0.17153129946861345        3.7330548806126709        163.71289336079997     
   1.1500000000000001       0.17303595999026797        3.8442589284829563        165.18214568922099     
   1.1599999999999999       0.17454062051192243        3.9574368841265759        166.65237278975860     
   1.1699999999999999       0.17604528103357692        4.0725988377127296        168.12358331931310     
   1.1799999999999999       0.17754994155523146        4.1897547971919682        169.59578587281726     
   1.1899999999999999       0.17905460207688598        4.3089146905954818        171.06898898412186     
   1.2000000000000000       0.18055926259854047        4.4300883680017247        172.54320112687043     
   1.2100000000000000       0.18206392312019498        4.5532856032510844        174.01843071535987     
   1.2200000000000000       0.18356858364184947        4.6785160953922338        175.49468610538457     
   1.2300000000000000       0.18507324416350399        4.8057894698876797        176.97197559506554     
   1.2400000000000000       0.18657790468515847        4.9351152796610434        178.45030742565996     
   1.2500000000000000       0.18808256520681299        5.0665030059585083        179.92968978239148     
   1.2600000000000000       0.18958722572846751        5.1999620589850588        181.41013079507101     
   1.2700000000000000       0.19109188625012200        5.3355017785860763        182.89163853907647     
   1.2800000000000000       0.19259654677177651        5.4731314346222542        184.37422103593616     
   1.2900000000000000       0.19410120729343100        5.6128602273383388        185.85788625407952     
   1.3000000000000000       0.19560586781508552        5.7546972876184617        187.34264210953083     
   1.3100000000000001       0.19711052833674000        5.8986516771600952        188.82849646658394     
   1.3200000000000001       0.19861518885839452        6.0447323885790825        190.31545713845668     
   1.3300000000000001       0.20011984938004904        6.1929483454475394        191.80353188792546     
   1.3400000000000001       0.20162450990170352        6.3433084022822745        193.29272842794308     
   1.3500000000000001       0.20312917042335804        6.4958213444825308        194.78305442223481     
   1.3600000000000001       0.20463383094501253        6.6504958882275407        196.27451748587887     
   1.3700000000000001       0.20613849146666705        6.8073406803368535        197.76712518586729     
   1.3800000000000001       0.20764315198832153        6.9663642981009515        199.26088504164963     
   1.3900000000000001       0.20914781250997605        7.1275752490875099        200.75580452566047     
   1.4000000000000001       0.21065247303163057        7.2909819709177208        202.25189106382899     
   1.4099999999999999       0.21215713355328503        7.4565928310339071        203.74915203607301     
   1.4199999999999999       0.21366179407493954        7.6244161264457500        205.24759477677745     
   1.4299999999999999       0.21516645459659403        7.7944600834665367        206.74722657525689     
   1.4399999999999999       0.21667111511824855        7.9667328574372194        208.24805467620430     
   1.4500000000000000       0.21817577563990304        8.1412425324458422        209.75008628012407     
   1.4600000000000000       0.21968043616155755        8.3179971210395731        211.25332854375262     
   1.4700000000000000       0.22118509668321204        8.4970045639302967        212.75778858046414     
   1.4800000000000000       0.22268975720486656        8.6782727297041831        214.26347346066419     
   1.4900000000000000       0.22419441772652107        8.8618094145327166        215.77039021217050     
   1.5000000000000000       0.22569907824817556        9.0476223419043897        217.27854582063514     
   1.5100000000000000       0.22720373876983010        9.2357191622263013        218.78794722968763     
   1.5200000000000000       0.22870839929148459        9.4261074526954811        220.29860134160018     
   1.5300000000000000       0.23021305981313911        9.6187947169245192        221.81051501740922     
   1.5400000000000000       0.23171772033479363        9.8137883846589791        223.32369507729348     
   1.5500000000000000       0.23322238085644811        10.011095811549419        224.83814830088687     
   1.5600000000000001       0.23472704137810263        10.210724278852567        226.35388142758271     
   1.5700000000000001       0.23623170189975712        10.412680993187083        227.87090115682867     
   1.5800000000000001       0.23773636242141163        10.616973086319279        229.38921414847107     
   1.5900000000000001       0.23924102294306612        10.823607614783672        230.90882702279572     
   1.6000000000000001       0.24074568346472064        11.032591559851234        232.42974636114980     
   1.6100000000000001       0.24225034398637516        11.243931827169972        233.95197870596621     
   1.6200000000000001       0.24375500450802964        11.457635246584102        235.47553056107563     
   1.6300000000000001       0.24525966502968416        11.673708571928293        237.00040839195074     
   1.6400000000000001       0.24676432555133865        11.892158480830753        238.52661862594414     
   1.6500000000000001       0.24826898607299316        12.112991574558789        240.05416765258292     
   1.6600000000000001       0.24977364659464765        12.336214377712363        241.58306182353721     
   1.6699999999999999       0.25127830711630211        12.561833338252431        243.11330745322118     
   1.6799999999999999       0.25278296763795666        12.789854827214800        244.64491081874885     
   1.6899999999999999       0.25428762815961115        13.020285138595128        246.17787816020382     
   1.7000000000000000       0.25579228868126563        13.253130489248431        247.71221568090718     
   1.7100000000000000       0.25729694920292018        13.488397018623488        249.24792954734039     
   1.7200000000000000       0.25880160972457467        13.726090788856425        250.78502588974146     
   1.7300000000000000       0.26030627024622915        13.966217784526011        252.32351080201789     
   1.7400000000000000       0.26181093076788364        14.208783912593391        253.86339034199466     
   1.7500000000000000       0.26331559128953819        14.453795002352996        255.40467053165949     
   1.7600000000000000       0.26482025181119268        14.701256805216270        256.94735735704825     
   1.7700000000000000       0.26632491233284716        14.951174994862610        258.49145676883916     
   1.7800000000000000       0.26782957285450171        15.203555167040022        260.03697468222970     
   1.7900000000000000       0.26933423337615620        15.458402839597218        261.58391697724062     
   1.8000000000000000       0.27083889389781068        15.715723452295231        263.13228949857233     
   1.8100000000000001       0.27234355441946517        15.975522367015227        264.68209805620273     
   1.8200000000000001       0.27384821494111972        16.237804867590757        266.23334842523701     
   1.8300000000000001       0.27535287546277420        16.502576159882857        267.78604634620473     
   1.8400000000000001       0.27685753598442869        16.769841371625233        269.34019752488831     
   1.8500000000000001       0.27836219650608324        17.039605552682975        270.89580763292918     
   1.8600000000000001       0.27986685702773773        17.311873674954011        272.45288230773292     
   1.8700000000000001       0.28137151754939221        17.586650632282968        274.01142715235540     
   1.8800000000000001       0.28287617807104670        17.863941240753920        275.57144773611839     
   1.8900000000000001       0.28438083859270125        18.143750238577997        277.13294959441350     
   1.9000000000000001       0.28588549911435573        18.426082286239176        278.69593822899265     
   1.9100000000000001       0.28739015963601022        18.710941966404182        280.26041910775467     
   1.9199999999999999       0.28889482015766477        18.998333784247617        281.82639766536954     
   1.9299999999999999       0.29039948067931926        19.288262167431192        283.39387930314922     
   1.9399999999999999       0.29190414120097374        19.580731466058314        284.96286938890006     
   1.9500000000000000       0.29340880172262823        19.875745953054309        286.53337325755911     
   1.9600000000000000       0.29491346224428278        20.173309824151328        288.10539621104948     
   1.9700000000000000       0.29641812276593726        20.473427197876088        289.67894351812089     
   1.9800000000000000       0.29792278328759175        20.776102115961333        291.25402041499621     
   1.9900000000000000       0.29942744380924630        21.081338543305062        292.83063210512250     
   2.0000000000000000       0.30093210433090078        21.389140368218520        294.40878375945925     
   2.0100000000000002       0.30243676485255533        21.699511402390751        295.98848051621536     
   2.0200000000000000       0.30394142537420976        22.012455381353238        297.56972748150707     
   2.0300000000000002       0.30544608589586436        22.327975964508507        299.15252972918751     
   2.0400000000000000       0.30695074641751879        22.646076735171697        300.73689230066049     
   2.0499999999999998       0.30845540693917328        22.966761201104386        302.32282020564986     
   2.0600000000000001       0.30996006746082783        23.290032794321821        303.91031842152847     
   2.0699999999999998       0.31146472798248231        23.615894871650262        305.49939189409866     
   2.0800000000000001       0.31296938850413680        23.944350714794854        307.09004553739993     
   2.0899999999999999       0.31447404902579129        24.275403530416291        308.68228423350342     
   2.1000000000000001       0.31597870954744584        24.609056450663203        310.27611283320960     
   2.1099999999999999       0.31748337006910032        24.945312533260861        311.87153615584685     
   2.1200000000000001       0.31898803059075481        25.284174761601509        313.46855898905443     
   2.1299999999999999       0.32049269111240936        25.625646045310138        315.06718608949666     
   2.1400000000000001       0.32199735163406384        25.969729220356221        316.66742218264858     
   2.1499999999999999       0.32350201215571833        26.316427049157245        318.26927196257230     
   2.1600000000000001       0.32500667267737282        26.665742221228886        319.87274009275075     
   2.1699999999999999       0.32651133319902736        27.017677353036053        321.47783120532586     
   2.1800000000000002       0.32801599372068185        27.372234988664385        323.08454990194593     
   2.1899999999999999       0.32952065424233634        27.729417599955468        324.69290075353507     
   2.2000000000000002       0.33102531476399089        28.089227586638085        326.30288830005094     
   2.2100000000000000       0.33252997528564537        28.451667276971715        327.91451705124007     
   2.2200000000000002       0.33403463580729986        28.816738927898054        329.52779148640008     
   2.2300000000000000       0.33553929632895435        29.184444725192584        331.14271605412802     
   2.2400000000000002       0.33704395685060889        29.554786784187812        332.75929517320674     
   2.2500000000000000       0.33854861737226338        29.927767149649661        334.37753323177964     
   2.2600000000000002       0.34005327789391787        30.303387796524913        335.99743458824929     
   2.2700000000000000       0.34155793841557242        30.681650630111218        337.61900357102320     
   2.2800000000000002       0.34306259893722690        31.062557486231221        339.24224447824656     
   2.2900000000000000       0.34456725945888139        31.446110132005149        340.86716157872428     
   2.3000000000000003       0.34607191998053594        31.832310265737018        342.49375911105358     
   2.3100000000000001       0.34757658050219042        32.221159517702347        344.12204128455966     
   2.3199999999999998       0.34908124102384486        32.612659450342989        345.75201227902477     
   2.3300000000000001       0.35058590154549940        33.006811558461344        347.38367624440690     
   2.3399999999999999       0.35209056206715383        33.403617270033841        349.01703730179645     
   2.3500000000000001       0.35359522258880843        33.803077946104509        350.65209954251003     
   2.3599999999999999       0.35509988311046292        34.205194881617309        352.28886702906033     
   2.3700000000000001       0.35660454363211741        34.609969305626812        353.92734379487206     
   2.3799999999999999       0.35810920415377195        35.017402381508518        355.56753384398456     
   2.3900000000000001       0.35961386467542644        35.427495207816307        357.20944115204679     
   2.3999999999999999       0.36111852519708093        35.840248818177763        358.85306966536820     
   2.4100000000000001       0.36262318571873542        36.255664182165397        360.49842330192809     
   2.4199999999999999       0.36412784624038996        36.673742205524704        362.14550595107573     
   2.4300000000000002       0.36563250676204445        37.094483730397279        363.79432147321887     
   2.4399999999999999       0.36713716728369894        37.517889536215684        365.44487370085488     
   2.4500000000000002       0.36864182780535348        37.943960339601759        367.09716643758310     
   2.4600000000000000       0.37014648832700797        38.372696795272887        368.75120345915099     
   2.4700000000000002       0.37165114884866246        38.804099496282809        370.40698851313914     
   2.4800000000000000       0.37315580937031695        39.238168974255721        372.06452531863613     
   2.4900000000000002       0.37466046989197149        39.674905700317751        373.72381756730806     
   2.5000000000000000       0.37616513041362598        40.114310084992077        375.38486892236978     
   2.5100000000000002       0.37766979093528047        40.556382479209645        377.04768301981301     
   2.5200000000000000       0.37917445145693501        41.001123174205922        378.71226346735574     
   2.5300000000000002       0.38067911197858950        41.448532402472289        380.37861384554770     
   2.5400000000000000       0.38218377250024399        41.898610338010009        382.04673770743284     
   2.5500000000000003       0.38368843302189848        42.351357096575818        383.71663857820209     
   2.5600000000000001       0.38519309354355302        42.806772736655198        385.38831995632194     
   2.5699999999999998       0.38669775406520746        43.264857259352894        387.06178531244194     
   2.5800000000000001       0.38820241458686200        43.725610609374961        388.73703809053990     
   2.5899999999999999       0.38970707510851649        44.189032675286718        390.41408170756910     
   2.6000000000000001       0.39121173563017103        44.655123289763559        392.09291955309749     
   2.6099999999999999       0.39271639615182546        45.123882230593452        393.77355499047502     
   2.6200000000000001       0.39422105667348001        45.595309220557304        395.45599135570023     
   2.6299999999999999       0.39572571719513450        46.069403928438476        397.14023195860426     
   2.6400000000000001       0.39723037771678904        46.546165969282384        398.82628008248366     
   2.6499999999999999       0.39873503823844347        47.025594904651598        400.51413898372590     
   2.6600000000000001       0.40023969876009807        47.507690243650067        402.20381189301543     
   2.6699999999999999       0.40174435928175251        47.992451442795300        403.89530201415823     
   2.6800000000000002       0.40324901980340705        48.479877907128632        405.58861252547069     
   2.6899999999999999       0.40475368032506154        48.969968990081377        407.28374657857779     
   2.7000000000000002       0.40625834084671608        49.462723994517710        408.98070729966196     
   2.7100000000000000       0.40776300136837057        49.958142172991039        410.67949778907104     
   2.7200000000000002       0.40926766189002506        50.456222727999702        412.38012112092099     
   2.7300000000000000       0.41077232241167960        50.956964813038013        414.08258034436363     
   2.7400000000000002       0.41227698293333409        51.460367532452054        415.78687848234591     
   2.7500000000000000       0.41378164345498858        51.966429942498294        417.49301853289614     
   2.7600000000000002       0.41528630397664307        52.475151051599482        419.20100346871902     
   2.7700000000000000       0.41679096449829761        52.986529820592800        420.91083623678105     
   2.7800000000000002       0.41829562501995210        53.500565163803145        422.62251975962221     
   2.7900000000000000       0.41980028554160659        54.017255948878102        424.33605693406747     
   2.8000000000000003       0.42130494606326113        54.536600997866024        426.05145063255850     
   2.8100000000000001       0.42280960658491562        55.058599087464721        427.76870370272979     
   2.8199999999999998       0.42431426710657005        55.583248949263165        429.48781896698040     
   2.8300000000000001       0.42581892762822460        56.110549270830020        431.20879922382596     
   2.8399999999999999       0.42732358814987909        56.640498695530113        432.93164724656668     
   2.8500000000000001       0.42882824867153363        57.173095823616293        434.65636578465944     
   2.8599999999999999       0.43033290919318806        57.708339212470413        436.38295756327983     
   2.8700000000000001       0.43183756971484266        58.246227376834909        438.11142528287570     
   2.8799999999999999       0.43334223023649709        58.786758789915616        439.84177162056284     
   2.8900000000000001       0.43484689075815164        59.329931883176172        441.57399922874617     
   2.8999999999999999       0.43635155127980607        59.875745047442230        443.30811073653553     
   2.9100000000000001       0.43785621180146067        60.424196633131530        445.04410874929056     
   2.9199999999999999       0.43936087232311510        60.975284950476137        446.78199584815644     
   2.9300000000000002       0.44086553284476965        61.529008270632282        448.52177459150499     
   2.9399999999999999       0.44237019336642408        62.085364825454683        450.26344751350626     
   2.9500000000000002       0.44387485388807868        62.644352808610648        452.00701712558958     
   2.9600000000000000       0.44537951440973311        63.205970375795950        453.75248591597028     
   2.9700000000000002       0.44688417493138766        63.770215644944138        455.49985634916845     
   2.9800000000000000       0.44838883545304214        64.337086697346905        457.24913086749348     
   2.9900000000000002       0.44989349597469669        64.906581577400942        459.00031188956757     
   3.0000000000000000       0.45139815649635112        65.478698293731412        460.75340181183105     
   3.0100000000000002       0.45290281701800572        66.053434819394198        462.50840300805180     
   3.0200000000000000       0.45440747753966021        66.630789092067388        464.26531782882313     
   3.0300000000000002       0.45591213806131470        67.210759015086666        466.02414860289190     
   3.0400000000000000       0.45741679858296919        67.793342457637721        467.78489763665840     
   3.0500000000000003       0.45892145910462373        68.378537254939914        469.54756721366675     
   3.0600000000000001       0.46042611962627822        68.966341209376935        471.31215959615906     
   3.0700000000000003       0.46193078014793271        69.556752090200618        473.07867702352098     
   3.0800000000000001       0.46343544066958725        70.149767634663732        474.84712171385672     
   3.0899999999999999       0.46494010119124168        70.745385548194875        476.61749586347099     
   3.1000000000000001       0.46644476171289623        71.343603504563490        478.38980164633705     
   3.1099999999999999       0.46794942223455066        71.944419146918875        480.16404121548442     
   3.1200000000000001       0.46945408275620526        72.547830087955205        481.94021670247156     
   3.1299999999999999       0.47095874327785969        73.153833910065785        483.71833021684455     
   3.1400000000000001       0.47246340379951424        73.762428166480930        485.49838384776427     
   3.1499999999999999       0.47396806432116867        74.373610380923509        487.28037966236877     
   3.1600000000000001       0.47547272484282327        74.987378048749022        489.06431970742381     
   3.1699999999999999       0.47697738536447770        75.603728637089048        490.85020600877084     
   3.1800000000000002       0.47848204588613225        76.222659584985593        492.63804057076607     
   3.1899999999999999       0.47998670640778673        76.844168304431946        494.42782537773047     
   3.2000000000000002       0.48149136692944128        77.468252180505488        496.21956239339102     
   3.2100000000000000       0.48299602745109571        78.094908571489754        498.01325356030759     
   3.2200000000000002       0.48450068797275031        78.724134809914204        499.80890080134469     
   3.2300000000000000       0.48600534849440474        79.355928202675230        501.60650601910089     
   3.2400000000000002       0.48751000901605929        79.990286031145729        503.40607109532687     
   3.2500000000000000       0.48901466953771372        80.627205552318003        505.20759789264974     
   3.2600000000000002       0.49051933005936832        81.266683998388601        507.01108825282336     
   3.2700000000000000       0.49202399058102275        81.908718577904054        508.81654399847622     
   3.2800000000000002       0.49352865110267730        82.553306475854313        510.62396693251935     
   3.2900000000000000       0.49503331162433173        83.200444853763344        512.43335883753639     
   3.3000000000000003       0.49653797214598633        83.850130850729400        514.24472147732547     
   3.3100000000000001       0.49804263266764076        84.502361583505746        516.05805659629380     
   3.3200000000000003       0.49954729318929531        85.157134146577889        517.87336591883729     
   3.3300000000000001       0.50105195371094979        85.814445613202466        519.69065115090416     
   3.3399999999999999       0.50255661423260423        86.474293035474176        521.50991397937685     
   3.3500000000000001       0.50406127475425888        87.136673444390354        523.33115607144293     
   3.3599999999999999       0.50556593527591331        87.801583850887411        525.15437907617695     
   3.3700000000000001       0.50707059579756786        88.469021245895092        526.97958462391443     
   3.3799999999999999       0.50857525631922229        89.138982600386498        528.80677432560719     
   3.3900000000000001       0.51007991684087683        89.811464866413587        530.63594977443188     
   3.3999999999999999       0.51158457736253127        90.486464977146710        532.46711254514776     
   3.4100000000000001       0.51308923788418581        91.163979846912383        534.30026419344301     
   3.4199999999999999       0.51459389840584036        91.844006372225394        536.13540625756389     
   3.4300000000000002       0.51609855892749490        92.526541431815616        537.97254025766301     
   3.4399999999999999       0.51760321944914933        93.211581886650663        539.81166769512856     
   3.4500000000000002       0.51910787997080388        93.899124580961697        541.65279005424213     
   3.4600000000000000       0.52061254049245831        94.589166342278631        543.49590880151072     
   3.4700000000000002       0.52211720101411285        95.281703981403837        545.34102538498485     
   3.4800000000000000       0.52362186153576729        95.976734293465441        547.18814123593847     
   3.4900000000000002       0.52512652205742194        96.674254057909749        549.03725776819101     
   3.5000000000000000       0.52663118257907637        97.374260038494427        550.88837637740812     
   3.5100000000000002       0.52813584310073092        98.076748984318627        552.74149844281089     
   3.5200000000000000       0.52964050362238535        98.781717629805286        554.59662532647928     
   3.5300000000000002       0.53114516414403989        99.489162694681298        556.45375837264464     
   3.5400000000000000       0.53264982466569433        100.19908088500399        558.31289890941855     
   3.5500000000000003       0.53415448518734887        100.91146889301511        560.17404824781306     
   3.5600000000000001       0.53565914570900341        101.62632339769242        562.03720768238895     
   3.5700000000000003       0.53716380623065796        102.34364106459603        563.90237849026437     
   3.5800000000000001       0.53866846675231239        103.06341854688797        565.76956193286344     
   3.5899999999999999       0.54017312727396682        103.78565248528548        567.63875925520085     
   3.6000000000000001       0.54167778779562137        104.51033950800942        569.50997168514220     
   3.6099999999999999       0.54318244831727591        105.23747623180336        571.38320043518365     
   3.6200000000000001       0.54468710883893035        105.96705926187174        573.25844670171898     
   3.6299999999999999       0.54619176936058489        106.69908519181345        575.13571166428483     
   3.6400000000000001       0.54769642988223943        107.43355060464054        577.01499648737024     
   3.6499999999999999       0.54920109040389387        108.17045207258141        578.89630231937679     
   3.6600000000000001       0.55070575092554841        108.90978615760820        580.77963029329510     
   3.6699999999999999       0.55221041144720284        109.65154941123217        582.66498152565077     
   3.6800000000000002       0.55371507196885739        110.39573837551687        584.55235711833723     
   3.6899999999999999       0.55521973249051193        111.14234958298471        586.44175815785184     
   3.7000000000000002       0.55672439301216647        111.89137955651853        588.33318571451321     
   3.7100000000000000       0.55822905353382102        112.64282481037537        590.22664084432165     
   3.7200000000000002       0.55973371405547545        113.39668184995470        592.12212458788201     
   3.7300000000000000       0.56123837457712999        114.15294717230928        594.01963797109408     
   3.7400000000000002       0.56274303509878443        114.91161726590546        595.91918200406064     
   3.7500000000000000       0.56424769562043897        115.67268861163205        597.82075768297341     
   3.7600000000000002       0.56575235614209340        116.43615768267537        599.72436598931870     
   3.7700000000000000       0.56725701666374806        117.20202094438964        601.63000788906334     
   3.7800000000000002       0.56876167718540249        117.97027485530542        603.53768433456901     
   3.7900000000000000       0.57026633770705704        118.74091586686475        605.44739626347700     
   3.8000000000000003       0.57177099822871147        119.51394042391533        607.35914459941239     
   3.8100000000000001       0.57327565875036601        120.28934496443696        609.27293025085180     
   3.8200000000000003       0.57478031927202045        121.06712592054640        611.18875411306522     
   3.8300000000000001       0.57628497979367499        121.84727971821299        613.10661706697783     
   3.8399999999999999       0.57778964031532953        122.62980277774508        615.02651997988494     
   3.8500000000000001       0.57929430083698408        123.41469151349806        616.94846370429775     
   3.8599999999999999       0.58079896135863851        124.20194233487450        618.87244907991203     
   3.8700000000000001       0.58230362188029305        124.99155164615593        620.79847693276906     
   3.8799999999999999       0.58380828240194749        125.78351584631892        622.72654807438471     
   3.8900000000000001       0.58531294292360203        126.57783133004540        624.65666330375893     
   3.8999999999999999       0.58681760344525646        127.37449448740041        626.58882340618902     
   3.9100000000000001       0.58832226396691112        128.17350170430709        628.52302915400480     
   3.9199999999999999       0.58982692448856555        128.97484936221497        630.45928130536345     
   3.9300000000000002       0.59133158501022010        129.77853383910715        632.39758060628810     
   3.9399999999999999       0.59283624553187453        130.58455150916089        634.33792778945690     
   3.9500000000000002       0.59434090605352907        131.39289874321437        636.28032357495113     
   3.9600000000000000       0.59584556657518351        132.20357190841730        638.22476866902150     
   3.9700000000000002       0.59735022709683805        133.01656736923607        640.17126376616227     
   3.9800000000000000       0.59885488761849259        133.83188148709692        642.11980954787384     
   3.9900000000000002       0.60035954814014714        134.64951062084535        644.07040668342222     
   4.0000000000000000       0.60186420866180157        135.46945112637752        646.02305582857991     
   4.0099999999999998       0.60336886918345600        136.29169935764608        647.97775762773153     
   4.0200000000000005       0.60487352970511066        137.11625166628534        649.93451271261597     
   4.0300000000000002       0.60637819022676509        137.94310440206277        651.89332170308887     
   4.0400000000000000       0.60788285074841952        138.77225391249419        653.85418520584528     
   4.0499999999999998       0.60938751127007396        139.60369654384766        655.81710381655444     
   4.0600000000000005       0.61089217179172872        140.43742864075273        657.78207811857817     
   4.0700000000000003       0.61239683231338315        141.27344654650364        659.74910868339668     
   4.0800000000000001       0.61390149283503759        142.11174660335953        661.71819607104067     
   4.0899999999999999       0.61540615335669202        142.95232515214377        663.68934082878741     
   4.0999999999999996       0.61691081387834656        143.79517853324259        665.66254349332894     
   4.1100000000000003       0.61841547440000111        144.64030308619485        667.63780458946212     
   4.1200000000000001       0.61992013492165565        145.48769515012810        669.61512463087536     
   4.1299999999999999       0.62142479544331009        146.33735106333626        671.59450411881573     
   4.1399999999999997       0.62292945596496463        147.18926716428282        673.57594354429364     
   4.1500000000000004       0.62443411648661917        148.04343979117311        675.55944338674794     
   4.1600000000000001       0.62593877700827361        148.89986528238316        677.54500411484094     
   4.1699999999999999       0.62744343752992804        149.75853997602221        679.53262618509859     
   4.1799999999999997       0.62894809805158258        150.61946021093581        681.52231004415398     
   4.1900000000000004       0.63045275857323724        151.48262232626331        683.51405612738245     
   4.2000000000000002       0.63195741909489167        152.34802266171388        685.50786485934327     
   4.2100000000000000       0.63346207961654610        153.21565755784351        687.50373665422353     
   4.2199999999999998       0.63496674013820065        154.08552335559773        689.50167191445178     
   4.2300000000000004       0.63647140065985519        154.95761639731589        691.50167103297520     
   4.2400000000000002       0.63797606118150962        155.83193302626844        693.50373439186922     
   4.2500000000000000       0.63948072170316406        156.70846958692590        695.50786236278338     
   4.2599999999999998       0.64098538222481871        157.58722242522546        697.51405530738816     
   4.2700000000000005       0.64249004274647326        158.46818788809571        699.52231357596088     
   4.2800000000000002       0.64399470326812769        159.35136232446141        701.53263750969961     
   4.2900000000000000       0.64549936378978212        160.23674208476376        703.54502743930652     
   4.2999999999999998       0.64700402431143667        161.12432352121874        705.55948368543454     
   4.3100000000000005       0.64850868483309121        162.01410298807667        707.57600655914143     
   4.3200000000000003       0.65001334535474564        162.90607684112919        709.59459636044426     
   4.3300000000000001       0.65151800587640030        163.80024143871600        711.61525338067543     
   4.3399999999999999       0.65302266639805473        164.69659314122515        713.63797790103195     
   4.3500000000000005       0.65452732691970927        165.59512831134595        715.66277019303038     
   4.3600000000000003       0.65603198744136371        166.49584331431956        717.68963051896355     
   4.3700000000000001       0.65753664796301825        167.39873451742855        719.71855913042702     
   4.3799999999999999       0.65904130848467268        168.30379829100545        721.74955627071233     
   4.3899999999999997       0.66054596900632712        169.21103100791635        723.78262217332713     
   4.4000000000000004       0.66205062952798177        170.12042904380726        725.81775706245639     
   4.4100000000000001       0.66355529004963631        171.03198877734582        727.85496115342278     
   4.4199999999999999       0.66505995057129075        171.94570658969505        729.89423465118034     
   4.4299999999999997       0.66656461109294518        172.86157886552340        731.93557775275247     
   4.4400000000000004       0.66806927161459972        173.77960199247394        733.97899064571982     
   4.4500000000000002       0.66957393213625427        174.69977236140124        736.02447350868442     
   4.4600000000000000       0.67107859265790870        175.62208636660804        738.07202651173907     
   4.4699999999999998       0.67258325317956313        176.54654040530119        740.12164981492379     
   4.4800000000000004       0.67408791370121779        177.47313087860715        742.17334357071252     
   4.4900000000000002       0.67559257422287233        178.40185419102352        744.22710792246517     
   4.5000000000000000       0.67709723474452677        179.33270675064912        746.28294300489745     
   4.5099999999999998       0.67860189526618120        180.26568496925799        748.34084894414661     
   4.5200000000000005       0.68010655578783574        181.20078526252934        750.40082585824814     
   4.5300000000000002       0.68161121630949029        182.13800404948364        752.46287385555593     
   4.5400000000000000       0.68311587683114483        183.07733775350215        754.52699303727422     
   4.5499999999999998       0.68462053735279926        184.01878280176044        756.59318349587579     
   4.5600000000000005       0.68612519787445381        184.96233562545191        758.66144531557813     
   4.5700000000000003       0.68762985839610835        185.90799266001315        760.73177857282474     
   4.5800000000000001       0.68913451891776278        186.85575034454197        762.80418333466957     
   4.5899999999999999       0.69063917943941722        187.80560512282625        764.87865966135985     
   4.6000000000000005       0.69214383996107187        188.75755344275771        766.95520760471697     
   4.6100000000000003       0.69364850048272642        189.71159175655248        769.03382720861691     
   4.6200000000000001       0.69515316100438085        190.66771652080766        771.11451850905405     
   4.6299999999999999       0.69665782152603528        191.62592419672049        773.19728153462756     
   4.6399999999999997       0.69816248204768971        192.58621124948883        775.28211630489056     
   4.6500000000000004       0.69966714256934437        193.54857414934602        777.36902283298048     
   4.6600000000000001       0.70117180309099880        194.51300937095542        779.45800112396068     
   4.6699999999999999       0.70267646361265323        195.47951339362922        781.54905117531507     
   4.6799999999999997       0.70418112413430767        196.44808270137275        783.64217297700043     
   4.6900000000000004       0.70568578465596243        197.41871378310148        785.73736651194611     
   4.7000000000000002       0.70719044517761687        198.39140313202128        787.83463175435804     
   4.7100000000000000       0.70869510569927130        199.36614724667226        789.93396867240745     
   4.7199999999999998       0.71019976622092584        200.34294263030756        792.03537722653266     
   4.7300000000000004       0.71170442674258039        201.32178579110203        794.13885736993586     
   4.7400000000000002       0.71320908726423482        202.30267324219429        796.24440904863695     
   4.7500000000000000       0.71471374778588925        203.28560150172885        798.35203220153380     
   4.7599999999999998       0.71621840830754391        204.27056709306129        800.46172676089998     
   4.7700000000000005       0.71772306882919845        205.25756654412544        802.57349265065511     
   4.7800000000000002       0.71922772935085288        206.24659638848081        804.68732978910168     
   4.7900000000000000       0.72073238987250732        207.23765316467359        806.80323808718947     
   4.7999999999999998       0.72223705039416186        208.23073341644252        808.92121744901965     
   4.8100000000000005       0.72374171091581641        209.22583369275026        811.04126777189413     
   4.8200000000000003       0.72524637143747084        210.22295054781853        813.16338894637261     
   4.8300000000000001       0.72675103195912538        211.22208054133063        815.28758085678135     
   4.8399999999999999       0.72825569248077993        212.22322023777721        817.41384337943668     
   4.8500000000000005       0.72976035300243447        213.22636620751493        819.54217638544151     
   4.8600000000000003       0.73126501352408890        214.23151502610833        821.67257973890651     
   4.8700000000000001       0.73276967404574334        215.23866327453146        823.80505329746131     
   4.8799999999999999       0.73427433456739788        216.24780753919239        825.93959691230191     
   4.8899999999999997       0.73577899508905231        217.25894441196209        828.07621042824451     
   4.9000000000000004       0.73728365561070697        218.27207049037190        830.21489368424261     
   4.9100000000000001       0.73878831613236140        219.28718237694201        832.35564651156619     
   4.9199999999999999       0.74029297665401594        220.30427668024961        834.49846873665763     
   4.9299999999999997       0.74179763717567038        221.32335001425449        836.64336017931009     
   4.9400000000000004       0.74330229769732492        222.34439899849448        838.79032065318336     
   4.9500000000000002       0.74480695821897935        223.36742025810787        840.93934996585494     
   4.9600000000000000       0.74631161874063390        224.39241042385089        843.09044791886322     
   4.9699999999999998       0.74781627926228844        225.41936613229635        845.24361430824115     
   4.9800000000000004       0.74932093978394299        226.44828402514162        847.39884892264195     
   4.9900000000000002       0.75082560030559753        227.47916075028957        849.55615154626332     
   5.0000000000000000       0.75233026082725196        228.51199296115689        851.71552195697734     
   5.0099999999999998       0.75383492134890639        229.54677731686644        853.87695992685610     
   5.0200000000000005       0.75533958187056094        230.58351048226288        856.04046522221893     
   5.0300000000000002       0.75684424239221559        231.62218912792622        858.20603760367476     
   5.0400000000000000       0.75834890291387003        232.66280993018731        860.37367682617185     
   5.0499999999999998       0.75985356343552446        233.70536957131847        862.54338263953139     
   5.0600000000000005       0.76135822395717900        234.74986473882612        864.71515478652896     
   5.0700000000000003       0.76286288447883355        235.79629212654314        866.88899300588434     
   5.0800000000000001       0.76436754500048798        236.84464843391913        869.06489703034458     
   5.0899999999999999       0.76587220552214241        237.89493036620954        871.24286658721314     
   5.1000000000000005       0.76737686604379696        238.94713463448613        873.42290139839997     
   5.1100000000000003       0.76888152656545161        240.00125795564492        875.60500118045934     
   5.1200000000000001       0.77038618708710604        241.05729705241438        877.78916564463543     
   5.1299999999999999       0.77189084760876048        242.11524865336284        879.97539449690385     
   5.1399999999999997       0.77339550813041491        243.17510949308848        882.16368743851854     
   5.1500000000000004       0.77490016865206957        244.23687631149224        884.35404416403901     
   5.1600000000000001       0.77640482917372400        245.30054585488242        886.54646436439134     
   5.1699999999999999       0.77790948969537843        246.36611487524766        888.74094772489832     
   5.1799999999999997       0.77941415021703297        247.43358013044312        890.93749392582106     
   5.1900000000000004       0.78091881073868763        248.50293838419495        893.13610264240344     
   5.2000000000000002       0.78242347126034206        249.57418640610231        895.33677354490681     
   5.2100000000000000       0.78392813178199650        250.64732097164108        897.53950629865540     
   5.2199999999999998       0.78543279230365093        251.72233886235276        899.74430056458982     
   5.2300000000000004       0.78693745282530558        252.79923686509721        901.95115599724045     
   5.2400000000000002       0.78844211334696002        253.87801177317601        904.16007224786790     
   5.2500000000000000       0.78994677386861456        254.95866038558285        906.37104896243113     
   5.2599999999999998       0.79145143439026899        256.04117950719416        908.58408578214949     
   5.2700000000000005       0.79295609491192365        257.12556594876395        910.79918234353352     
   5.2800000000000002       0.79446075543357808        258.21181652692610        913.01633827842761     
   5.2900000000000000       0.79596541595523251        259.29992806418983        915.23555321404592     
   5.2999999999999998       0.79747007647688695        260.38989738894037        917.45682677301170     
   5.3100000000000005       0.79897473699854171        261.48172133543306        919.68015857339105     
   5.3200000000000003       0.80047939752019615        262.57539674398356        921.90554822926333     
   5.3300000000000001       0.80198405804185058        263.67092046019906        924.13299534863188     
   5.3399999999999999       0.80348871856350501        264.76828933612103        926.36249953664958     
   5.3500000000000005       0.80499337908515967        265.86750022945478        928.59406039352564     
   5.3600000000000003       0.80649803960681410        266.96855000375814        930.82767751509800     
   5.3700000000000001       0.80800270012846853        268.07143552843257        933.06335049286247     
   5.3799999999999999       0.80950736065012308        269.17615367872060        935.30107891401485     
   5.3899999999999997       0.81101202117177762        270.28270133569828        937.54086236147941     
   5.4000000000000004       0.81251668169343216        271.39107538626723        939.78270041394740     
   5.4100000000000001       0.81402134221508660        272.50127272314842        942.02659264591000     
   5.4199999999999999       0.81552600273674114        273.61329024507046        944.27253862823989     
   5.4299999999999997       0.81703066325839557        274.72712485597981        946.52053792603544     
   5.4400000000000004       0.81853532378005012        275.84277346620405        948.77059010193886     
   5.4500000000000002       0.82003998430170455        276.96023299166256        951.02269471397949     
   5.4600000000000000       0.82154464482335920        278.07950035405202        953.27685131615488     
   5.4699999999999998       0.82304930534501364        279.20057248083776        955.53305945846216     
   5.4800000000000004       0.82455396586666818        280.32344630524346        957.79131868693185     
   5.4900000000000002       0.82605862638832261        281.44811876624073        960.05162854365915     
   5.5000000000000000       0.82756328690997716        282.57458680853875        962.31398856683813     
   5.5099999999999998       0.82906794743163159        283.70284738257357        964.57839829078830     
   5.5200000000000005       0.83057260795328614        284.83289744449633        966.84485724599256     
   5.5300000000000002       0.83207726847494068        285.96473395616312        969.11336495912451     
   5.5400000000000000       0.83358192899659522        287.09835388531980        971.38392095364270     
   5.5499999999999998       0.83508658951824966        288.23375420479556        973.65652474756871     
   5.5600000000000005       0.83659125003990420        289.37093189368437        975.93117585689947     
   5.5700000000000003       0.83809591056155863        290.50988393653495        978.20787379338140     
   5.5800000000000001       0.83960057108321318        291.65060732353771        980.48661806510506     
   5.5899999999999999       0.84110523160486761        292.79309905051036        982.76740817653388     
   5.6000000000000005       0.84260989212652226        293.93735611888548        985.05024362853567     
   5.6100000000000003       0.84411455264817670        295.08337553569504        987.33512391840952     
   5.6200000000000001       0.84561921316983124        296.23115431355728        989.62204853991784     
   5.6299999999999999       0.84712387369148567        297.38068947066114        991.91101698331181     
   5.6399999999999997       0.84862853421314011        298.53197803075193        994.20202873536209     
   5.6500000000000004       0.85013319473479476        299.68501702311613        996.49508327938634     
   5.6600000000000001       0.85163785525644919        300.83980348276930        998.79018009585957     
   5.6699999999999999       0.85314251577810374        301.99633444962632        1001.0873186601150     
   5.6799999999999997       0.85464717629975817        303.15460696970649        1003.3864984458620     
   5.6900000000000004       0.85615183682141283        304.31461809430431        1005.6877189228867     
   5.7000000000000002       0.85765649734306726        305.47636488017417        1007.9909795576602     
   5.7100000000000000       0.85916115786472169        306.63984438951690        1010.2962798133682     
   5.7199999999999998       0.86066581838637612        307.80505368996029        1012.6036191499343     
   5.7300000000000004       0.86217047890803078        308.97198985454224        1014.9129970240494     
   5.7400000000000002       0.86367513942968532        310.14064996169361        1017.2244128891940     
   5.7500000000000000       0.86517979995133976        311.31103109522269        1019.5378661956714     
   5.7599999999999998       0.86668446047299419        312.48313034429270        1021.8533563906259     
   5.7700000000000005       0.86818912099464884        313.65694480340909        1024.1708829180748     
   5.7800000000000002       0.86969378151630328        314.83247157239657        1026.4904452189289     
   5.7900000000000000       0.87119844203795771        316.00970775638393        1028.8120427310205     
   5.7999999999999998       0.87270310255961214        317.18865046599183        1031.1356748897331     
   5.8100000000000005       0.87420776308126691        318.36929681648093        1033.4613411256107     
   5.8200000000000003       0.87571242360292134        319.55164392898160        1035.7890408680009     
   5.8300000000000001       0.87721708412457577        320.73568892964516        1038.1187735426706     
   5.8399999999999999       0.87872174464623021        321.92142894982817        1040.4505385724301     
   5.8500000000000005       0.88022640516788486        323.10886112607506        1042.7843353771598     
   5.8600000000000003       0.88173106568953930        324.29798260009642        1045.1201633738294     
   5.8700000000000001       0.88323572621119373        325.48879051875196        1047.4580219765282     
   5.8799999999999999       0.88474038673284816        326.68128203402705        1049.7979105964844     
   5.8899999999999997       0.88624504725450282        327.87545430301390        1052.1398286420872     
   5.9000000000000004       0.88774970777615736        329.07130448789007        1054.4837755189149     
   5.9100000000000001       0.88925436829781179        330.26882975589791        1056.8297506297511     
   5.9199999999999999       0.89075902881946623        331.46802727932351        1059.1777533746151     
   5.9299999999999997       0.89226368934112077        332.66889423547775        1061.5277831507783     
   5.9400000000000004       0.89376834986277531        333.87142780667159        1063.8798393527891     
   5.9500000000000002       0.89527301038442986        335.07562518040817        1066.2339213731204     
   5.9600000000000000       0.89677767090608429        336.28148354850629        1068.5900285996875     
   5.9699999999999998       0.89828233142773883        337.48900010836468        1070.9481604196267     
   5.9800000000000004       0.89978699194939338        338.69817206208171        1073.3083162168134     
   5.9900000000000002       0.90129165247104781        339.90899661664741        1075.6704953725070     
   6.0000000000000000       0.90279631299270224        341.12147098392080        1078.0346972653747     
   6.0099999999999998       0.90430097351435679        342.33559238060906        1080.4009212715109     
   6.0200000000000005       0.90580563403601144        343.55135802824248        1082.7691667644597     
   6.0300000000000002       0.90731029455766588        344.76876515315291        1085.1394331152324     
   6.0400000000000000       0.90881495507932042        345.98781098645162        1087.5117196923338     
   6.0499999999999998       0.91031961560097485        347.20849276400389        1089.8860258617758     
   6.0600000000000005       0.91182427612262940        348.43080772640889        1092.2623509871041     
   6.0700000000000003       0.91332893664428383        349.65475311897194        1094.6406944294108     
   6.0800000000000001       0.91483359716593837        350.88032619168627        1097.0210555473623     
   6.0899999999999999       0.91633825768759292        352.10752419920465        1099.4034336972136     
   6.1000000000000005       0.91784291820924746        353.33634440081772        1101.7878282328286     
   6.1100000000000003       0.91934757873090189        354.56678406042965        1104.1742385057003     
   6.1200000000000001       0.92085223925255644        355.79884044653488        1106.5626638649712     
   6.1299999999999999       0.92235689977421087        357.03251083219249        1108.9531036574506     
   6.1400000000000006       0.92386156029586541        358.26779249522411        1111.3455572282867     
   6.1500000000000004       0.92536622081751985        359.50468271730199        1113.7400239183698     
   6.1600000000000001       0.92687088133917450        360.74317878525608        1116.1365030682782     
   6.1699999999999999       0.92837554186082893        361.98327799016045        1118.5349940156743     
   6.1799999999999997       0.92988020238248337        363.22497762753159        1120.9354960959818     
   6.1900000000000004       0.93138486290413791        364.46827499730341        1123.3380086424036     
   6.2000000000000002       0.93288952342579246        365.71316740380087        1125.7425309859370     
   6.2100000000000000       0.93439418394744689        366.95965215571505        1128.1490624553917     
   6.2199999999999998       0.93589884446910132        368.20772656607829        1130.5576023774099     
   6.2300000000000004       0.93740350499075598        369.45738795223798        1132.9681500764818     
   6.2400000000000002       0.93890816551241052        370.70863363583118        1135.3807048749625     
   6.2500000000000000       0.94041282603406495        371.96146094275963        1137.7952660930912     
   6.2599999999999998       0.94191748655571939        373.21586720316145        1140.2118330490055     
   6.2700000000000005       0.94342214707737404        374.47184975138822        1142.6304050587617     
   6.2800000000000002       0.94492680759902847        375.72940592597467        1145.0509814363456     
   6.2900000000000000       0.94643146812068291        376.98853306961831        1147.4735614936974     
   6.2999999999999998       0.94793612864233734        378.24922852914597        1149.8981445407189     
   6.3100000000000005       0.94944078916399210        379.51148965549294        1152.3247298852980     
   6.3200000000000003       0.95094544968564654        380.77531380367344        1154.7533168333189     
   6.3300000000000001       0.95245011020730097        382.04069833275463        1157.1839046886810     
   6.3399999999999999       0.95395477072895540        383.30764060582834        1159.6164927533125     
   6.3500000000000005       0.95545943125061006        384.57613798998750        1162.0510803271900     
   6.3600000000000003       0.95696409177226449        385.84618785629391        1164.4876667083486     
   6.3700000000000001       0.95846875229391892        387.11778757998616        1166.9262511935917     
   6.3799999999999999       0.95997341281557347        388.39093453952671        1169.3668330757448     
   6.3900000000000006       0.96147807333722812        389.66562611796041        1171.8094116478105     
   6.4000000000000004       0.96298273385888256        390.94185970196082        1174.2539862002211     
   6.4100000000000001       0.96448739438053699        392.21963268203734        1176.7005560215478     
   6.4199999999999999       0.96599205490219142        393.49894245250510        1179.1491203985136     
   6.4299999999999997       0.96749671542384597        394.77978641145569        1181.5996786160063     
   6.4400000000000004       0.96900137594550062        396.06216196073126        1184.0522299570941     
   6.4500000000000002       0.97050603646715505        397.34606650589444        1186.5067737030406     
   6.4600000000000000       0.97201069698880949        398.63149745620188        1188.9633091333176     
   6.4699999999999998       0.97351535751046403        399.91845222457346        1191.4218355256210     
   6.4800000000000004       0.97502001803211857        401.20692822756496        1193.8823521558816     
   6.4900000000000002       0.97652467855377301        402.49692288533868        1196.3448582982810     
   6.5000000000000000       0.97802933907542744        403.78843362163548        1198.8093532252676     
   6.5099999999999998       0.97953399959708198        405.08145786374416        1201.2758362075638     
   6.5200000000000005       0.98103866011873664        406.37599304247323        1203.7443065141849     
   6.5300000000000002       0.98254332064039107        407.67203659212078        1206.2147634124492     
   6.5400000000000000       0.98404798116204550        408.96958595044691        1208.6872061679944     
   6.5499999999999998       0.98555264168370005        410.26863855864127        1211.1616340447865     
   6.5600000000000005       0.98705730220535459        411.56919186129556        1213.6380463051353     
   6.5700000000000003       0.98856196272700902        412.87124330637170        1216.1164422097061     
   6.5800000000000001       0.99006662324866346        414.17479034517515        1218.5968210175342     
   6.5899999999999999       0.99157128377031811        415.47983043232045        1221.0791819860353     
   6.6000000000000005       0.99307594429197266        416.78636102570368        1223.5635243710169     
   6.6100000000000003       0.99458060481362709        418.09437958647055        1226.0498474266931     
   6.6200000000000001       0.99608526533528152        419.40388357898814        1228.5381504056982     
   6.6299999999999999       0.99758992585693607        420.71487047080967        1231.0284325590910     
   6.6400000000000006       0.99909458637859061        422.02733773264953        1233.5206931363775     
   6.6500000000000004        1.0005992469002452        423.34128283834696        1236.0149313855145     
   6.6600000000000001        1.0021039074218996        424.65670326483701        1238.5111465529230     
   6.6699999999999999        1.0036085679435540        425.97359649236239        1241.0093378842396     
   6.6799999999999997        1.0051132284652085        427.29196000347059        1243.5095046213778     
   6.6900000000000004        1.0066178889868631        428.61179128443752        1246.0116460069601     
   6.7000000000000002        1.0081225495085178        429.93308782426692        1248.5157612813841     
   6.7100000000000000        1.0096272100301722        431.25584711489728        1251.0218496835657     
   6.7199999999999998        1.0111318705518266        432.58006665117421        1253.5299104509586     
   6.7300000000000004        1.0126365310734811        433.90574393081550        1256.0399428195567     
   6.7400000000000002        1.0141411915951357        435.23287645437824        1258.5519460239077     
   6.7500000000000000        1.0156458521167901        436.56146172522750        1261.0659192971254     
   6.7599999999999998        1.0171505126384446        437.89149724950261        1263.5818618708993     
   6.7700000000000005        1.0186551731600992        439.22298053608432        1266.0997729755034     
   6.7800000000000002        1.0201598336817537        440.55590909656070        1268.6196518398081     
   6.7900000000000000        1.0216644942034081        441.89028044519551        1271.1414976912902     
   6.7999999999999998        1.0231691547250625        443.22609209889333        1273.6653097560441     
   6.8100000000000005        1.0246738152467172        444.56334157716475        1276.1910872587869     
   6.8200000000000003        1.0261784757683716        445.90202640209435        1278.7188294228747     
   6.8300000000000001        1.0276831362900263        447.24214409830557        1281.2485354703097     
   6.8399999999999999        1.0291877968116807        448.58369219292570        1283.7802046217475     
   6.8500000000000005        1.0306924573333351        449.92666821555184        1286.3138360965102     
   6.8600000000000003        1.0321971178549898        451.27106969821597        1288.8494291125935     
   6.8700000000000001        1.0337017783766442        452.61689417534973        1291.3869828866771     
   6.8799999999999999        1.0352064388982987        453.96413918374958        1293.9264966341352     
   6.8900000000000006        1.0367110994199531        455.31280226253921        1296.4679695690404     
   6.9000000000000004        1.0382157599416078        456.66288095313899        1299.0114009041824     
   6.9100000000000001        1.0397204204632622        458.01437279922101        1301.5567898510626     
   6.9199999999999999        1.0412250809849166        459.36727534668222        1304.1041356199189     
   6.9299999999999997        1.0427297415065711        460.72158614360239        1306.6534374197226     
   6.9400000000000004        1.0442344020282257        462.07730274020969        1309.2046944581925     
   6.9500000000000002        1.0457390625498801        463.43442268884081        1311.7579059418003     
   6.9600000000000000        1.0472437230715346        464.79294354390777        1314.3130710757828     
   6.9699999999999998        1.0487483835931890        466.15286286185722        1316.8701890641462     
   6.9800000000000004        1.0502530441148439        467.51417820113352        1319.4292591096778     
   6.9900000000000002        1.0517577046364983        468.87688712214202        1321.9902804139513     
   7.0000000000000000        1.0532623651581527        470.24098718720739        1324.5532521773350     
   7.0099999999999998        1.0547670256798072        471.60647596053929        1327.1181735990028     
   7.0200000000000005        1.0562716862014618        472.97335100818975        1329.6850438769379     
   7.0300000000000002        1.0577763467231163        474.34160989801575        1332.2538622079433     
   7.0400000000000000        1.0592810072447707        475.71125019963921        1334.8246277876472     
   7.0499999999999998        1.0607856677664254        477.08226948440671        1337.3973398105127     
   7.0600000000000005        1.0622903282880798        478.45466532535073        1339.9719974698439     
   7.0700000000000003        1.0637949888097342        479.82843529714677        1342.5485999577941     
   7.0800000000000001        1.0652996493313887        481.20357697607454        1345.1271464653701     
   7.0899999999999999        1.0668043098530433        482.58008793997578        1347.7076361824443     
   7.1000000000000005        1.0683089703746977        483.95796576821249        1350.2900682977563     
   7.1100000000000003        1.0698136308963524        485.33720804162516        1352.8744419989239     
   7.1200000000000001        1.0713182914180068        486.71781234249175        1355.4607564724481     
   7.1299999999999999        1.0728229519396613        488.09977625448261        1358.0490109037198     
   7.1400000000000006        1.0743276124613159        489.48309736261893        1360.6392044770266     
   7.1500000000000004        1.0758322729829704        490.86777325322976        1363.2313363755595     
   7.1600000000000001        1.0773369335046248        492.25380151390522        1365.8254057814183     
   7.1699999999999999        1.0788415940262792        493.64117973345657        1368.4214118756204     
   7.1799999999999997        1.0803462545479336        495.02990550186774        1371.0193538381038     
   7.1900000000000004        1.0818509150695883        496.41997641025171        1373.6192308477348     
   7.2000000000000002        1.0833555755912427        497.81139005080587        1376.2210420823155     
   7.2100000000000000        1.0848602361128974        499.20414401676305        1378.8247867185864     
   7.2199999999999998        1.0863648966345518        500.59823590234782        1381.4304639322347     
   7.2300000000000004        1.0878695571562063        501.99366330272721        1384.0380728978978     
   7.2400000000000002        1.0893742176778607        503.39042381396530        1386.6476127891733     
   7.2500000000000000        1.0908788781995153        504.78851503297460        1389.2590827786200     
   7.2599999999999998        1.0923835387211698        506.18793455746436        1391.8724820377636     
   7.2700000000000005        1.0938881992428244        507.58867998589744        1394.4878097371054     
   7.2800000000000002        1.0953928597644789        508.99074891743516        1397.1050650461254     
   7.2900000000000000        1.0968975202861333        510.39413895188937        1399.7242471332863     
   7.2999999999999998        1.0984021808077877        511.79884768967207        1402.3453551660396     
   7.3100000000000005        1.0999068413294424        513.20487273200933        1404.9683883116675     
   7.3200000000000003        1.1014115018510968        514.61221167982524        1407.5933457339461     
   7.3300000000000001        1.1029161623727513        516.02086213528401        1410.2202265981568     
   7.3399999999999999        1.1044208228944057        517.43082170067714        1412.8490300677579     
   7.3500000000000005        1.1059254834160603        518.84208797863005        1415.4797553052176     
   7.3600000000000003        1.1074301439377148        520.25465857204995        1418.1124014720217     
   7.3700000000000001        1.1089348044593692        521.66853108407179        1420.7469677286788     
   7.3799999999999999        1.1104394649810239        523.08370311799968        1423.3834532347228     
   7.3900000000000006        1.1119441255026785        524.50017227725039        1426.0218571487146     
   7.4000000000000004        1.1134487860243329        525.91793616529981        1428.6621786282547     
   7.4100000000000001        1.1149534465459874        527.33699238561917        1431.3044168299768     
   7.4199999999999999        1.1164581070676420        528.75733854161797        1433.9485709095582     
   7.4299999999999997        1.1179627675892965        530.17897223658622        1436.5946400217199     
   7.4400000000000004        1.1194674281109509        531.60189107363044        1439.2426233202357     
   7.4500000000000002        1.1209720886326053        533.02609265561455        1441.8925199579280     
   7.4600000000000000        1.1224767491542600        534.45157458509539        1444.5443290866781     
   7.4699999999999998        1.1239814096759144        535.87833446426032        1447.1980498574255     
   7.4800000000000004        1.1254860701975689        537.30636989486243        1449.8536814201727     
   7.4900000000000002        1.1269907307192233        538.73567847815514        1452.5112229239860     
   7.5000000000000000        1.1284953912408779        540.16625781482765        1455.1706735170062     
   7.5099999999999998        1.1300000517625324        541.59810550493285        1457.8320323464388     
   7.5200000000000005        1.1315047122841868        543.03121914782321        1460.4952985585685     
   7.5300000000000002        1.1330093728058412        544.46559634208052        1463.1604712987564     
   7.5400000000000000        1.1345140333274961        545.90123468544220        1465.8275497114412     
   7.5499999999999998        1.1360186938491506        547.33813177473314        1468.4965329401482     
   7.5600000000000005        1.1375233543708050        548.77628520578969        1471.1674201274834     
   7.5700000000000003        1.1390280148924594        550.21569257338706        1473.8402104151414     
   7.5800000000000001        1.1405326754141141        551.65635147116211        1476.5149029439074     
   7.5899999999999999        1.1420373359357685        553.09825949153799        1479.1914968536557     
   7.6000000000000005        1.1435419964574229        554.54141422564362        1481.8699912833545     
   7.6100000000000003        1.1450466569790774        555.98581326323563        1484.5503853710668     
   7.6200000000000001        1.1465513175007320        557.43145419261725        1487.2326782539540     
   7.6299999999999999        1.1480559780223865        558.87833460055231        1489.9168690682727     
   7.6400000000000006        1.1495606385440409        560.32645207218457        1492.6029569493817     
   7.6500000000000004        1.1510652990656955        561.77580419095023        1495.2909410317393     
   7.6600000000000001        1.1525699595873500        563.22638853848957        1497.9808204489077     
   7.6699999999999999        1.1540746201090044        564.67820269455785        1500.6725943335516     
   7.6799999999999997        1.1555792806306591        566.13124423693569        1503.3662618174417     
   7.6900000000000004        1.1570839411523137        567.58551074133106        1506.0618220314502     
   7.7000000000000002        1.1585886016739682        569.04099978129057        1508.7592741055591     
   7.7100000000000000        1.1600932621956226        570.49770892809613        1511.4586171688547     
   7.7199999999999998        1.1615979227172770        571.95563575067206        1514.1598503495325     
   7.7300000000000004        1.1631025832389317        573.41477781547769        1516.8629727748944     
   7.7400000000000002        1.1646072437605861        574.87513268640748        1519.5679835713495     
   7.7500000000000000        1.1661119042822405        576.33669792468208        1522.2748818644131     
   7.7599999999999998        1.1676165648038950        577.79947108874467        1524.9836667787131     
   7.7700000000000005        1.1691212253255496        579.26344973414405        1527.6943374379798     
   7.7800000000000002        1.1706258858472041        580.72863141342509        1530.4068929650523     
   7.7900000000000000        1.1721305463688585        582.19501367601219        1533.1213324818771     
   7.7999999999999998        1.1736352068905129        583.66259406808797        1535.8376551095055     
   7.8100000000000005        1.1751398674121678        585.13137013247228        1538.5558599680949     
   7.8200000000000003        1.1766445279338222        586.60133940849892        1541.2759461769058     
   7.8300000000000001        1.1781491884554767        588.07249943159820        1543.9979128533901     
   7.8399999999999999        1.1796538489771311        589.54484773430841        1546.7217591168364     
   7.8500000000000005        1.1811585094987858        591.01838184442977        1549.4474840829007     
   7.8600000000000003        1.1826631700204402        592.49309928602554        1552.1750868672475     
   7.8700000000000001        1.1841678305420946        593.96899757899359        1554.9045665846384     
   7.8799999999999999        1.1856724910637491        595.44607423892069        1557.6359223489310     
   7.8900000000000006        1.1871771515854037        596.92432677693068        1560.3691532730750     
   7.9000000000000004        1.1886818121070581        598.40375269952835        1563.1042584691088     
   7.9100000000000001        1.1901864726287126        599.88434950844430        1565.8412370481626     
   7.9199999999999999        1.1916911331503670        601.36611470046580        1568.5800881204493     
   7.9300000000000006        1.1931957936720217        602.84904576726842        1571.3208107952653     
   7.9400000000000004        1.1947004541936761        604.33314019523630        1574.0634041809858     
   7.9500000000000002        1.1962051147153305        605.81839546529284        1576.8078673850623     
   7.9600000000000000        1.1977097752369852        607.30480905270690        1579.5541995140188     
   7.9699999999999998        1.1992144357586396        608.79237842690191        1582.3023996734487     
   7.9800000000000004        1.2007190962802943        610.28110105125529        1585.0524669680087     
   7.9900000000000002        1.2022237568019487        611.77097438289672        1587.8044005014183     
   8.0000000000000000        1.2037284173236031        613.26199587249175        1590.5581993764497     
   8.0099999999999998        1.2052330778452576        614.75416296402454        1593.3138626949310     
   8.0199999999999996        1.2067377383669120        616.24747309456734        1596.0713895577337     
   8.0299999999999994        1.2082423988885664        617.74192369404523        1598.8307790647718     
   8.0400000000000009        1.2097470594102213        619.23751218499172        1601.5920303149974     
   8.0500000000000007        1.2112517199318757        620.73423598228806        1604.3551424063858     
   8.0600000000000005        1.2127563804535302        622.23209249290665        1607.1201144359432     
   8.0700000000000003        1.2142610409751846        623.73107911562920        1609.8869454996907     
   8.0800000000000001        1.2157657014968390        625.23119324076185        1612.6556346926604     
   8.0899999999999999        1.2172703620184935        626.73243224983662        1615.4261811088900     
   8.0999999999999996        1.2187750225401479        628.23479351529647        1618.1985838414089     
   8.1099999999999994        1.2202796830618026        629.73827440017556        1620.9728419822422     
   8.1200000000000010        1.2217843435834574        631.24287225775311        1623.7489546223917     
   8.1300000000000008        1.2232890041051119        632.74858443119979        1626.5269208518305     
   8.1400000000000006        1.2247936646267663        634.25540825320581        1629.3067397594968     
   8.1500000000000004        1.2262983251484207        635.76334104558805        1632.0884104332820     
   8.1600000000000001        1.2278029856700752        637.27238011888335        1634.8719319600236     
   8.1699999999999999        1.2293076461917296        638.78252277191348        1637.6573034254925     
   8.1799999999999997        1.2308123067133840        640.29376629133276        1640.4445239143806     
   8.1899999999999995        1.2323169672350385        641.80610795114956        1643.2335925102930     
   8.1999999999999993        1.2338216277566931        643.31954501222481        1646.0245082957379     
   8.2100000000000009        1.2353262882783478        644.83407472173280        1648.8172703521072     
   8.2200000000000006        1.2368309488000022        646.34969431259981        1651.6118777596691     
   8.2300000000000004        1.2383356093216566        647.86640100290583        1654.4083295975549     
   8.2400000000000002        1.2398402698433113        649.38419199524674        1657.2066249437405     
   8.2500000000000000        1.2413449303649657        650.90306447605667        1660.0067628750348     
   8.2599999999999998        1.2428495908866202        652.42301561488557        1662.8087424670618     
   8.2699999999999996        1.2443542514082746        653.94404256362918        1665.6125627942474     
   8.2799999999999994        1.2458589119299293        655.46614245569731        1668.4182229297951     
   8.2900000000000009        1.2473635724515839        656.98931240512820        1671.2257219456769     
   8.3000000000000007        1.2488682329732383        658.51354950562836        1674.0350589126044     
   8.3100000000000005        1.2503728934948928        660.03885082954093        1676.8462329000149     
   8.3200000000000003        1.2518775540165472        661.56521342672238        1679.6592429760458     
   8.3300000000000001        1.2533822145382016        663.09263432332637        1682.4740882075128     
   8.3399999999999999        1.2548868750598561        664.62111052047464        1685.2907676598863     
   8.3499999999999996        1.2563915355815105        666.15063899279949        1688.1092803972626     
   8.3599999999999994        1.2578961961031652        667.68121668684489        1690.9296254823410     
   8.3700000000000010        1.2594008566248200        669.21284051929149        1693.7518019763850     
   8.3800000000000008        1.2609055171464745        670.74550737499237        1696.5758089392002     
   8.3900000000000006        1.2624101776681289        672.27921410477461        1699.4016454290970     
   8.4000000000000004        1.2639148381897833        673.81395752295998        1702.2293105028502     
   8.4100000000000001        1.2654194987114378        675.34973440456326        1705.0588032156620     
   8.4199999999999999        1.2669241592330922        676.88654148208661        1707.8901226211212     
   8.4299999999999997        1.2684288197547469        678.42437544181735        1710.7232677711520     
   8.4399999999999995        1.2699334802764013        679.96323291951353        1713.5582377159617     
